ΙΝΜΧ nemu!-
m

1111111111 11111 mm· 1. 114

1111111111911199 911

1110111ὶί1101 011111. 1, 106108. ¹¹5· 119 Rittmeiems 1111111111111111, 199

1110111100111111. 1, 873

1110111101 11111111 1, 99. 117. 111

neuun Gurg. 11,·1090

11101111 11111. 11,.11. 996. 1099
1110111101 111. 1, 80
1110111101 1111111. Pm. 1, 49. 699
710111991οε 11111111. 11, 119
111011101111111.111’11111“ε. 1, 111
111011101 Christum. 1, 19
11011101 Sim. 111111. 1, 91
1110111111 91111111. 1, 911
1119111101 111. 1, 791. 796
1117011111 Laut-l, 198

1111011 11111171, 481. 622
111119 1111111. 11, 40
Rhegenius 1, 991

§metm 0117111. 1. 111

11101101 ffirffl‘fi τῷ a}
.1111.
1025!- przfflyiz 0111111111
1111111 4, athelmum
11117 .1 1111. 017101 111791
111171 &a vir . 111111 11, 17
7711111
1111111111111 1111111ί α
{fag 1001001111. 1101

agnotus (11111. 1167
11111111 lom. Batnss· 11. 974

1111111111... 1111111111 111111111ιί11. 1110111111 ,4111119
011. 1, 499. 0111110110. 1, 498· form. 10011101 7111119111. Aah. 11. 479
1111111111 1111111111ῗὲ1 mmmmm

. 111111. (1111111111 11, 410

de Rombeni 1111111. 71111111, 171

11111011ῐά101 11111. 111111, 1094- 1061 des 11011111 1111111171. 1, 910
10111111110111111011161110 ‘¹² 101011 0011 11. 119

de Rhodes Alexandrus 1, 503
0111110111 Gurg. 1, 191
Rhodius Aug. 111111. 11, 199900
&hostius 11, 01111111. 11, 917
1111 el 111111, 01111. 1, 704

de 1110101111117711, 177, 101
11111111 81111111. 11, 989
1111100101 (11117. Home. 1⁸ 49, 79
1111101101 11111. 11, 966
1111111001 Tium. Aug. 11, 991
111010101011111 Imma 1, 786
11111111101101 01111111. 11, 91
1111111πά01 1, 919. 619. 197
111011011111111 11111111, 117
1111111101 ε 1111111, 161. 168
1111111101 11171111, 11, 779 ·
1111111101 6117111111 11. 91. 99
11111111011111111. 11 1111111 11, 794
Richterus 1111111 60171111. 1, 700
1111111101 sm. 61111111. 1, 99
1111011101 1. 619. 897
1111111011111111111111, 1, 690 ,
1110011011111111. 1, 919. 717
111εά111111 mun, (1111711111. 1,717

1101119012111 1. 506

1101111101 11111111, 191. 1174

Baedorus 11117111. 11111111. 11 111

111οΕ111118 1111177101 dubus 11, Ιώ

11111101 Herm. 14111111. 1, 111111
11, 1091. 10991060

Roemelingius ὓ11171111..41111.11,11

1106111113 lom. 1, 919

11011111ςί01 1111111614

1109111 1111111. 1, 791

1111711101 1411, 1, 990

Rogerus 011. 1, 914

11071101 [mh. 1, 914

Rogatus 8111111111 Ι, 909

0 1109110117111111111, 94

111 Rohan 11, 971

de Rohr 1111. 111111. 1, 79. 701

1101011111 1111111. 11, 99. 99

1111101111111111... 1, 97. 911111
, Romanus 1171111111.104

Remea 111 C 0111011111. l, 186

dela 110111111111. 101

110901111111111. 11, 11191170

1101111001 1619

1111111111, 11.... 1, 111111 ⁶99· 11‚9 Roscius cmg. 16111171. 1, 110111

&Mamans
111111101Η111111. 11, 874. 876, 911

11011 Ger. 11, 1
1101111111 vid 111111101

Ringcltnubius 1111111161111111111181 (1111011100111111111. 1191171. 1. 711

1117111·ος Auen. 11, 1141
Ringier 1111111. 11111111, 11. 499

1101111111ὠί01 lom, (111119 ·11‚ 477
11011001 1111111 Hm, Em·

Rittangelius 111111. 8117101. 11101160· 1101111101Ρ1111 1, 199

879· 882
111111101011171, 99 5. 410

, 1101111111 Alexander Lm. 850

1101111101 fraus-fi. 11, 5⁸¹ Ι

 

